TESTRUNID EPOCH: 7 L_PCC: 0.8499484107747126 L_ERR: 0.013074867774518408 T_PCC: 0.8546893761498662 T_ERR: 0.012618901689533356
180 LAYER: 1
5 LAYER: 2
1 LAYER: 3
7 :ILEARN
-0.11338045253738774	0.14253648653158843	-0.15013426283698703	-0.02711740628885539	-0.193067407620593	
-0.2139696756131717	0.07605948891930131	-0.11424890190603784	-0.008840380189382433	-0.18296942365835514	
-0.007653091060994375	0.052165992440412194	-0.03237144495452169	0.08934948377744087	-0.10274522532553132	
0.30146116772979836	-0.21571915572531206	0.21725580655133214	-0.06415099436106789	0.23132647457845418	
-0.00020399497133682758	0.14617156592683891	-0.08249680350377685	0.03606375655630638	-0.017654128438589944	
0.07031814948449115	-0.05077827400125463	-0.08012624127796154	-0.05540969388174129	0.043671720128407455	
0.09091856525286045	-0.13328033848431714	0.22646698364749776	0.013680821816983607	0.21733054397622795	
-0.22177541033156495	0.1985325853105945	-0.046310858579364254	-0.07991018905516854	-0.17069569787636274	
0.06053237054233738	0.0692689256215307	-0.059378980343573	0.05528614758944603	-0.1359549366773276	
-0.0535875633104454	0.07904576416349988	-0.07649801701059694	-0.053757221551500395	-0.11562060255675918	
-0.1619437370851198	0.053386386791289424	-0.11767579445186521	-0.06161013600703707	-0.07508290427903924	
-0.2999948081346137	0.23303414738882813	-0.1972191728146932	0.041339042197200374	-0.24281070877959823	
-0.15953348325168887	0.03189135629259907	-0.024164665251149936	-0.025231457186329714	-0.18022369038256866	
-0.2844766220262857	0.22639529187584054	-0.23610833132971892	0.07020939665310916	-0.2976013563028872	
0.1732076795927661	-0.1470975059381457	0.009993376127999621	0.06582377339941663	0.06678295028372837	
-0.1862511508896504	0.2199308394960227	-0.10146194373564996	0.06344343784018912	-0.11046073831375114	
0.08571761835360801	0.024734338624161294	0.0625121367655198	-0.02899604786834296	-0.046805834479178125	
-0.04084569425761962	0.019381715982579692	-0.012501597569137424	0.013151017067100758	-0.08643495245592982	
-0.27793191989554406	0.2261834840295733	-0.17333713079042826	0.0005942921513050917	-0.22753704478379697	
-0.0352338918707359	0.035428628413087214	0.02607584643973498	-0.11039921097349314	0.05006718246872344	
-0.03951391551327405	0.01782009097648368	0.08365514081582663	-0.013813391301027267	0.05896919706611508	
-0.00027282471113278294	-0.06790561302298978	0.08094689706980415	0.05166022001005026	0.05773751013212191	
0.03306293824931346	-0.1405347465825063	0.163066219699505	0.05201361586543975	0.010754076238171303	
0.07555751099818668	0.03946501141798307	0.11693967509960985	0.057999227657804235	-0.06729529791187072	
-0.1034122045322093	-0.10520708474171483	-0.11306009495098263	-0.053683745235323155	0.061198476992696774	
-0.17260014893153672	0.1704382640141092	-0.04374098065255658	-0.05784968608984079	-0.2617109378363746	
-0.009269023816286236	0.12136911026503906	0.008904287890801083	-0.0819920954441401	0.017309244498424598	
-0.07098338021266819	0.07672998935788367	-0.024804380657482892	0.08468073260766541	0.0054953313518358625	
0.08874659594967263	-0.14329662029241397	-0.028319080390765437	-0.07300166171218493	-0.003479433900388731	
-0.131621283229803	-0.03678916852268342	-0.011844053495788728	-0.01352945717181089	-0.15359056063642473	
-0.5807496904136945	0.4793805483855644	-0.3495626736527577	-0.08249062400924713	-0.622618208478753	
0.043727450580216584	-0.04514921601492292	0.02703403837929434	0.10891469476655041	0.047617262313178255	
-0.4681752239623878	0.32958236986154427	-0.2843939692285087	0.04692438482916631	-0.5476618935671632	
-0.17017271160449654	-0.07175653803842276	-0.06233029163349199	-0.0019273903823680046	-0.058023119584233916	
0.1596092006215753	-0.05594464940332468	0.17519082962748556	-0.008792249325985612	0.22285769167193809	
0.008014514678410078	0.09519624448546649	-0.06237211659063156	-0.05985450319560213	-0.09083722235639788	
-0.07399257094904496	0.05202103040509039	-0.012377909710845028	-0.06671061589319603	-0.17334429009037247	
-0.07604846962825187	0.021295863869152082	-0.06392338601088025	-0.0018574738466327293	-0.07850673059611826	
0.04842025544853733	-0.19387495545176586	0.11209557875673092	0.042124909712063306	0.20450312965673828	
0.1296792676420494	-0.1469014850262169	-0.037202162035266426	0.006583065381407149	0.14369514097167654	
-0.08618335357598	0.14292644892090287	-0.02206057213392224	0.040083404700563305	-0.21624351212010914	
0.15297227340562186	-0.11583874252778598	0.1337290315895459	0.0853918689904692	0.261385323920997	
-0.10368801846894776	0.16291652588149627	-0.113411361076085	-0.06158936320840687	-0.1450320879039393	
-0.16161248071574066	0.06972408374441746	-0.022532106708285787	0.08963270315225366	-0.25365359424409567	
-0.02809193197677938	-0.11590897249126522	-0.049752971701492295	0.052285808688152836	0.010788778809240935	
-0.006043924301112971	0.09371314367276289	0.02480354855090342	0.08183243652110657	-0.03878026015422481	
0.041328003826347104	-0.028603207345136713	0.10477047194698241	-0.03720568733340277	0.055096096671617426	
-0.0528596551279342	-0.04804897719201908	-0.015806008187431744	-0.0030452170629269386	-0.013058527413955974	
-0.06930534419638668	0.10794485249558633	0.0026255649971960826	-0.06276233987257719	0.021283423211119912	
-0.027834165601520654	-0.06402107180274028	-0.07033464846024835	0.023135054688690874	-0.0050947558464772965	
-0.1819488928863625	0.16986543474102214	-0.10195112823440229	0.08469992042237154	-0.13179175457687287	
0.20025297529298025	-0.10999282729529021	0.1365983588700939	-0.038790516239058465	0.17893435709128744	
-0.1479868583477444	0.24338234149167193	-0.094498399755823	0.039785770669041244	-0.20792675360780838	
-0.07554206150153808	0.0742413661398063	-0.053506886207428606	-0.046365633814587096	-0.11015033899094134	
-0.09732845957992892	0.010698335892315416	-0.013063443186451574	-0.0029785764594365384	0.023830878225476176	
-0.08010816081938639	0.030794691956487447	-0.0842819777751241	-0.01695393724086857	-0.039289574503693296	
0.10093236882437101	0.048846776243263695	0.04893624257013965	-0.046013343562610325	0.0009418305737092573	
-0.12859398131770275	0.14483232499135065	-0.06504416338460263	0.0033101212923369416	-0.22279572831711633	
-0.11991753184345197	0.15790173477596237	-0.07499904256805598	-0.01915407613407595	-0.1910235317312363	
-0.08266236206428748	-0.05684801910731029	-0.09686763271514656	0.08267583090606082	-0.07396867885774273	
-0.012698393772255637	0.1313988141830944	-0.014526229662241858	0.01293100865282325	-0.14605828885875227	
0.0797311661880629	-0.09652571635163995	0.01481837667631551	0.018011643132137403	0.039948418679165085	
0.13846579705913734	0.0702865219229964	-0.007265136230191191	-0.08401280322150177	-0.01865799699765667	
-0.09542041684582062	0.16270385390317957	-0.11353312426672409	-0.049122985647557245	-0.08939574114242242	
-0.09678556124199138	0.0727453040082966	-0.1166376656097854	-0.08111317559166846	-0.08410030907931966	
-0.017731557764395573	-0.04832749893715437	0.02968196432765056	0.010573477110865214	-0.0057696145822945044	
-0.19394732773990886	0.1675992110640656	-0.12516017162322537	0.00996378911105496	-0.11510303599119928	
-0.11553516336062952	-0.00965005122091494	0.05188725544435373	0.057001206981140924	-0.04175164462723394	
0.11288908451477556	0.05226314653255641	0.09422086056293809	0.0678617565906394	-0.03826590704174797	
0.004715644309984925	0.01326909108676712	0.0034231104994913424	0.06255567445359896	-0.09976998632721151	
0.047142504111585284	-0.010128945046197576	-0.057211306785245754	-0.04875287471809863	0.041456793512735665	
-0.021323146150027217	0.07096232532600677	0.011432105060242623	0.05887337764697337	0.08377039115710119	
-0.05305981799414102	-0.10373877609788103	0.07005370201144322	0.009698664947708702	0.09683645118568071	
-0.016012551551828333	0.07863946780299615	-0.029875453294289575	0.004841323073952877	-0.09531344005084343	
-0.07243362144252884	-0.028468007030106626	-0.08712944649244991	0.05062718329326759	-0.15838927457052973	
-0.011686972253136233	0.09329400163579475	0.042226127679774544	0.033733937361091544	-0.05141482346039188	
0.02139598444077253	0.0059210616994361835	0.10864365387260251	-0.060202602860857414	-0.008021789347273472	
-0.14046746803905022	0.09438241367557523	-0.07027845973634811	-0.0893322600142464	-0.11732293015375922	
-0.07732258812675019	0.0478873694500674	-0.057554188632329736	-0.0937574310866891	0.00958660530113688	
0.04437866466217245	-0.041732554763177734	0.029864526613065275	0.005253729646331246	0.0020534832025508216	
0.0902197796094131	0.04553395220940768	-0.09253829611454897	0.04227710718385388	-0.01907738756847283	
0.10300802535437419	-0.06315931893941881	-0.029468471599015285	-0.0785866912345117	-0.0108309363785308	
-0.031186520789602358	0.01820851619315791	0.07771189932560872	0.04826872591852791	0.06045414923323946	
-0.11101319209766773	0.16937006464233748	-0.07881335833564712	0.07933245721690471	-0.136821929934552	
-0.1203322998840744	-0.061625966629647984	-0.13242741063005853	-0.091140670062508	-0.07754941266202406	
-0.05865823057261324	-0.09645335375003322	0.06424253367980581	-0.014639021961840713	0.04355616380063599	
-0.05815886259724189	0.04241675518896022	-0.03590259720274214	0.0031220013804853786	-0.04195001596073914	
0.04069267824360951	0.05876271635457138	-0.06731475726408784	0.05899932300300198	-0.029157580230340405	
0.010284261128942021	-0.06888689438425298	-0.0035244569051944407	-0.09443074757190294	0.04219429796933295	
0.00011000262853324942	0.06215631916515315	0.03120456715922463	-0.08355287249327613	-0.13391612026331356	
-0.06767897218827768	-0.016591823511167385	0.07825783456488555	0.08170578665000529	0.0556011267552938	
0.08505963118084779	0.05975907847302985	0.010458490389927551	-0.04215183512854918	-0.036777358423135065	
-0.09191820922391009	0.04617481920681249	-0.08092155991362593	-0.0569596788086283	0.05606663128539321	
-0.10004616376955874	0.09329507817968928	-0.0755319199158214	-0.012171209294153888	-0.06536229302862114	
0.1231910422167516	-0.06125151307432469	0.021395769689024118	0.006241272061159204	0.11566392923202422	
0.002655009585944006	-0.015554707228928384	0.13285232766945274	-0.09394051197394443	0.08842380600116671	
0.051918598791813604	0.0004549245957859424	0.06472250792575103	0.029755049081324376	0.08580124253027835	
-0.10423518665766444	0.05371220735334008	-0.1624097280493269	0.00994703202836125	-0.15899298573868315	
-0.13040399779309111	0.17662442221573282	-0.09115724586816137	-0.055547262544096324	-0.16018928178190395	
0.007638649089562271	0.09425164926769569	0.018951556288563973	0.07263349510738301	-0.12410898391059272	
-0.011794883176151188	-0.1277286903014993	0.014184574632518175	-0.07054091597358324	0.11332325472211052	
0.11786410849901882	-0.04642641195947243	0.05023731749997842	0.04507834393433382	0.08872835632815884	
-0.09870597822916487	0.0664255074365483	-0.12724339607985824	-0.03723688107632212	-0.10427318288849453	
-0.10496537062663734	0.089748052917942	-0.09872672593921307	0.029792926589648883	-0.04668312804610123	
-0.008161982635413971	0.06188210797081202	0.04891741887343535	0.07517401509065735	-0.06646931649374024	
-0.10861255393947196	-0.05688260585328443	-0.07318583339296217	0.0005367784048092325	-0.06526603039471676	
0.055128988046737784	-0.043062957681551925	0.09615305203484467	0.06445818896102992	-0.001719400739600421	
0.052798636122012806	0.002682367958041015	0.03542742446285997	-0.09149486395740912	0.016850418375910517	
0.009953402815166006	0.01890184086104163	0.027565848126149775	-0.0007299706650744076	-0.05339271844445061	
-0.1816580302952675	0.1165360907991782	-0.133073679453181	0.0806198577904298	-0.1669749247910723	
-0.15311538118813084	0.10247598075147284	-0.0639778271261502	-0.01989072299256164	-0.24060318383836493	
0.09440736956646807	-0.10152230772326733	0.14758014103075856	0.05846716803827085	0.06331004801497843	
-0.15069515860758584	0.039938417309997656	0.004645489082392167	-0.10846976728655323	-0.034228331843571984	
-0.07704326985088152	0.04446080615704627	-0.014541023320814736	0.020366010908677724	-0.22297982886838016	
-0.06289104009117555	0.10624962665432033	0.03458555066838325	0.032532142324723116	-0.04022111764457037	
-0.015320205489265961	-0.017762952484664363	0.014774024417531876	0.043001899187317075	-0.07111873058225845	
-0.050952835895449446	0.050224505727218184	-0.025772102261544402	-0.033916194887788464	-0.09922232867558217	
0.01649844981864716	0.00462113461715368	-0.018347524522124	-0.06487769496306692	0.09820744969530341	
-0.020311574273361083	-0.0006317323934444927	0.05690774172570704	-0.06072678352898934	-0.017180008772803866	
-0.10366092126050237	-0.04122216515748679	-0.0894741994789761	-0.11018254701383089	-0.14009565312699346	
-0.06315265242122439	0.1581290517879139	-0.13308017470752723	-0.052489236863233535	-0.19067813221493335	
0.21760342908399546	-0.07415661473439206	0.11513602297804297	-0.03567350876702735	0.21292680833749023	
0.0726358268300071	0.007205789273572693	0.11294121003591694	0.003649548894091156	0.020642928378258554	
0.004252022326637172	0.0052141700645386094	-0.0969886925074449	0.003950187747493766	-0.1378167812809431	
-0.06109768799841048	0.02773426549926138	-0.06926564796181874	0.020982921337142357	0.04547646667064241	
-0.03434299519284247	-0.0004999322042155837	0.0824019359416102	0.03700475870521189	0.025654569226662108	
-0.13092557873734553	0.12204471383466083	0.045477257853496676	-0.0020184258148560437	-0.06946029817225886	
0.0422044600987605	-0.04603554620556336	0.04180364764797247	-0.022667693746460212	0.10524530273750887	
-0.10054191513811732	0.0728667499405497	-0.04145964192465514	0.006838403678271431	-0.03320425478006884	
-0.12486372803997255	-0.03316350987946138	-0.13213631573417428	-0.010772881342861022	-0.10479986416952587	
-0.09544139772562205	-0.03111487004064487	-0.006188330247415181	-0.0889885028565712	0.012212571309704275	
0.11934977559428062	-0.14707368066499737	0.05638345989088893	0.05905828806969583	0.14591460279730567	
0.017308105626453962	0.028019305642621676	-0.0763835081744751	0.00040332853528480785	-0.047589167476277644	
-0.18368170408407986	0.20718790960856578	-0.25919967375875	0.05888659780508903	-0.3605462346741983	
-0.10583723943682485	0.1426015999769669	-0.10157180070769732	0.060025081913349	-0.1623712542135334	
0.049728898652471404	0.0005155073383785998	-0.11551656843055376	0.09598702692099788	0.008534073734393657	
-0.0667348094465132	0.0982836700481873	-0.026765628622970862	0.06549815369189299	-0.1598159830987299	
-0.0268327640565876	0.09250392581716245	-0.05734486742009049	-0.028816934095603944	-0.07417206557701758	
-0.1994917000578436	0.09561275220658942	-0.011438373089979855	-0.06589747175849822	-0.19119694692550346	
-0.11447191387888586	-0.0026482801124715944	0.02793269956164381	-0.001110948730565061	-0.11303892076385624	
-0.0841730878644817	-0.019366045638866052	0.027733745803054734	-0.032457811734388914	-0.04296241700039654	
0.013424769110186105	0.04943374050757333	0.012466444530822096	-0.027987009386662435	0.06721063772593952	
0.013279762998256978	-0.028410194602139074	0.017093112365898028	0.029905072578072487	0.1582121322303855	
0.06510788204159897	0.0368737407988914	0.05170282139121798	0.03612195709888717	0.014405228692770698	
-0.03077980105777896	0.09499692190633077	0.0020503111882764465	0.05199319382823909	-0.04255006861693173	
-0.006573570322931548	0.07649383968303212	-0.07152554715676308	0.020647024592117043	0.08525725427287277	
-0.1046055273944073	0.04984606596429495	0.012375346386411619	-0.03653387395810392	-0.09721565392748832	
-0.024981926675612696	0.1380747294083422	0.0017347351443582869	0.07031583844774654	-0.14042652587621907	
0.13256465645066448	-0.11296629011634965	-0.011285993586999632	0.08684559193840635	-0.038860517852865914	
0.12075697519436807	-0.021013262440140408	0.026001841412790112	-0.05894373837041858	0.11265911433725899	
-0.10461595408393369	-0.04861470546648133	0.016769837611627793	0.07283133568031515	-0.13073257188262258	
0.08260503689071762	-0.016258769895514665	0.06021888879051752	-0.013500197789698845	0.018319919655563573	
-0.07548359551829906	0.057354290452874136	-0.0459850415024239	-0.08482594318764959	-0.08979370909660968	
-0.2423542898212743	0.1132552084801531	-0.10659359086445792	0.045996647992745644	-0.18351062455562023	
-0.08420913929352557	0.17399934533688954	-0.038651187189778675	-0.00949359593296607	-0.154029538749572	
-0.06692792280373971	0.0038141666274881846	-0.06408691237056346	-0.015734136663282765	-0.06775435706013364	
-0.010249696594819478	0.11086375512870751	-0.027305773386066216	0.09413524350580173	0.023460012588211995	
-0.12074968372997316	0.0943504356728744	-0.037110340839958705	-0.06207586862886953	-0.055675209707505606	
-0.0587084507110898	0.0014265297272051107	-0.07938682015515666	0.03154996332094917	-0.09977050434249181	
0.13028085102840423	-0.12720691888678207	0.05749508509902275	-0.010312601447448897	0.1338156019943744	
-0.18913837257519628	0.16801105917872325	-0.16888320682751795	0.08397490579274748	-0.3300149793786736	
0.1870645718279665	-0.10967001676073512	0.10506564920200953	0.05164734192193076	0.040436116757620426	
0.023894278967180573	-0.12293504137281762	0.17751669598152658	-0.034233389917898635	0.1770010962993258	
-0.02380076839157831	-0.06979103419623466	-0.03560415589437952	0.045079232621148956	0.0635946606909134	
-0.05950219041386568	-0.03045378902623365	-0.012348905101021167	-0.07114562835634222	-0.16491953432311737	
0.05032164388091091	-0.08167715030841767	-0.023747982359487815	0.03709406413647051	0.11055666042512757	
0.00866663597082379	0.05546583096061625	-0.06379026677740297	-0.05650035129815105	-0.04093675725257575	
0.06734371524626712	-0.059288599399888904	-0.0026361286495847945	-0.010372096035825774	-0.031524099113361896	
0.12412319096574319	-0.1751480381740918	0.10180853028905555	0.08260724563869502	0.25446050990807423	
-0.21923677454392304	0.14837733107354342	-0.24347761943737897	-0.026846813708524098	-0.23300061319342855	
-0.19302693329968287	0.234529806617664	-0.1635671706990369	-0.07575223882854717	-0.29828388226096764	
0.2556532639284842	-0.03175096709804438	0.1519189499162816	-0.061776492868307074	0.19739550687807947	
-0.10093242750325404	0.06918616166147931	-0.09897698426877684	0.015184083554261077	-0.045957831919408075	
0.20330929371920492	-0.1072145485812012	0.19385977501635265	-0.08299954213098142	0.280342197784036	
-0.07044983749336349	-0.08068853172686453	0.00017437510732939586	-0.08032193949707812	0.03046469796076712	
-0.09703628807746852	-0.02917695310225562	-0.08677176355986954	0.04537111298499421	0.0011176760477504682	
-0.05443082952725195	-0.03066308517669856	0.02134942010559512	-0.034692307919515226	0.008147965788309348	
0.13840859985627565	-0.08359947348183207	0.010677541512101369	0.04660337088568011	0.12101662575549386	
0.17688361488114537	-0.17749688973013295	0.13938451400673182	0.005611634106064543	0.3576588602550974	
-0.3651112645489951	0.30644316948033823	-0.25630379092618394	0.05604658428700227	-0.38910828295746985	
0.04165490256354217	0.03912537311087367	-0.03292186483844013	0.09420974259228043	0.14414297999940665	
-1.4537406453911277	1.5093220226985704	-0.9457374698726307	0.1890056967873941	-1.7808939947165312	
0.5773498472807006	
